477
314
869
942
234
842
461
416
226
634
235
962
485
439
623
409
539
258
745
536
710
436
972
717
827
521
507
592
536
231
299
252
175
905
129
851
928
228
901
234
781
765
771
830
63
396
906
201
23
738
814
29
294
139
808
564
685
207
109
297
865
499
715
575
278
550
256
293
244
795
333
962
215
579
888
802
104
508
399
669
801
969
624
664
342
375
62
851
767
778
189
294
106
402
438
465
205
757
215
158
881
706
346
957
722
423
981
380
667
696
881
545
750
133
884
357
713
814
762
879
172
909
352
970
39
177
513
340
161
754
465
124
402
54
375
334
178
935
519
887
